<html>
<head>
<script src="../assets/lib/template.js"></script>

  <link rel="stylesheet" type="text/css" href="../assets/widgets.css">
<script src="../assets/lib/auto-render.min.js"></script>
<script src="../assets/lib/katex.min.js"></script>
<link rel="stylesheet" href="../assets/lib/katex.min.css">
<link rel="stylesheet" type="text/css" href="../assets/widgets.css">

<!-- Required -->
<script src="../assets/lib/lib.js"></script>
<script src="../assets/utils.js"></script>

  <script src = "../assets/data/Urosen.json"></script>    
</head> 
<body>
  <dt-article class="centered">
  <p>
  Each row is a single iterate down the left mouse button and drag in the Comp window to create a paragraph text block. The edge—the text’s bounding box— is defined by how far you dragged the mouse when you created the paragraph text layer. This style of text wraps text to the next line when your type reaches the edge of the current line.
  </p>

  <figure id="rosenViz" style="width:950px; height:700px">
    <div id = "sliderz" style="position:absolute;top: 14px;left:575px;"></div>
    <div class="figtext" style="position:absolute; pointer-events:none; top:14px; width:300px; left:729px; height:100px">Step-size α = </div>
    <div class="figtext" style="position:absolute; pointer-events:none; top:35px; width:488px; left:488px; height:100px">Momentum β = </div>

    <figcaption style="width:270px; position:absolute; left:150px; top:38px">Here we see the first 70 iterates of momentum on the Convex Rosenbrock for $n=25$. The behavior here is similar to that of any Linear First Order Algorithm. </figcaption>

    <div style="position:absolute; top:150px; left:-80px">
    <figcaption style="width:160px; position:absolute; left:670px; top:90px">Notice that this triangle is a "dead zone" of our iterates. The iterates are always 0, no matter what the parameters. </figcaption>
    <figcaption style="width:160px; position:absolute; left:670px; top:310px">The remaining expanding space is the "light cone" of our iterate's influence. Momentum does very well here with the optimal parameters. </figcaption>
    <div id = "iterates" style="position:absolute; top:60px; left:0"></div>
    <div class="figtext" style="position:absolute; top:-2px; width:300px; left:452px; height:100px">Error</div>
    <div id = "rosen_colorbar1" style="position:absolute; top:0px; width:300px; left:440px; height:100px"></div>
    <div class="figtext" style="position:absolute; top:-2px; width:300px; left:232px; height:100px">Weights</div>
    <div id = "rosen_colorbar2" style="position:absolute; top:0px; width:300px; left:220px; height:100px"></div>
    </div>
  </figure>
  <script>
  renderQueue = []
  renderQueue.push(function(callback) {
    var RQ = [[0.033430859446525574,0.06637421995401382,0.09834969788789749,0.1288910210132599,0.1575528085231781,0.18391713500022888,0.20759953558444977,0.22825466096401215,0.24558131396770477,0.25932684540748596,0.2692908048629761,0.2753278911113739,0.2773500978946686,0.2753278911113739,0.2692908048629761,0.25932684540748596,0.24558131396770477,0.22825466096401215,0.20759953558444977,0.18391713500022888,0.1575528085231781,0.1288910210132599,0.09834969788789749,0.06637421995401382,0.033430859446525574],[-0.06637421995401382,-0.1288910210132599,-0.18391713500022888,-0.22825466096401215,-0.25932684540748596,-0.2753278911113739,-0.2753278911113739,-0.25932684540748596,-0.22825466096401215,-0.18391713500022888,-0.1288910210132599,-0.06637421995401382,-1.917815576756455e-14,0.06637421995401382,0.1288910210132599,0.18391713500022888,0.22825466096401215,0.25932684540748596,0.2753278911113739,0.2753278911113739,0.25932684540748596,0.22825466096401215,0.18391713500022888,0.1288910210132599,0.06637421995401382],[0.09834969788789749,0.18391713500022888,0.24558131396770477,0.2753278911113739,0.2692908048629761,0.22825466096401215,0.1575528085231781,0.06637421995401382,-0.033430859446525574,-0.1288910210132599,-0.20759953558444977,-0.25932684540748596,-0.2773500978946686,-0.25932684540748596,-0.20759953558444977,-0.1288910210132599,-0.033430859446525574,0.06637421995401382,0.1575528085231781,0.22825466096401215,0.2692908048629761,0.2753278911113739,0.24558131396770477,0.18391713500022888,0.09834969788789749],[0.1288910210132599,0.22825466096401215,0.2753278911113739,0.25932684540748596,0.18391713500022888,0.06637421995401382,-0.06637421995401382,-0.18391713500022888,-0.25932684540748596,-0.2753278911113739,-0.22825466096401215,-0.1288910210132599,-1.2834394835694717e-14,0.1288910210132599,0.22825466096401215,0.2753278911113739,0.25932684540748596,0.18391713500022888,0.06637421995401382,-0.06637421995401382,-0.18391713500022888,-0.25932684540748596,-0.2753278911113739,-0.22825466096401215,-0.1288910210132599],[-0.1575528085231781,-0.25932684540748596,-0.2692908048629761,-0.18391713500022888,-0.033430859446525574,0.1288910210132599,0.24558131396770477,0.2753278911113739,0.20759953558444977,0.06637421995401382,-0.09834969788789749,-0.22825466096401215,-0.2773500978946686,-0.22825466096401215,-0.09834969788789749,0.06637421995401382,0.20759953558444977,0.2753278911113739,0.24558131396770477,0.1288910210132599,-0.033430859446525574,-0.18391713500022888,-0.2692908048629761,-0.25932684540748596,-0.1575528085231781],[-0.18391713500022888,-0.2753278911113739,-0.22825466096401215,-0.06637421995401382,0.1288910210132599,0.25932684540748596,0.25932684540748596,0.1288910210132599,-0.06637421995401382,-0.22825466096401215,-0.2753278911113739,-0.18391713500022888,-4.583645525716709e-15,0.18391713500022888,0.2753278911113739,0.22825466096401215,0.06637421995401382,-0.1288910210132599,-0.25932684540748596,-0.25932684540748596,-0.1288910210132599,0.06637421995401382,0.22825466096401215,0.2753278911113739,0.18391713500022888],[-0.20759953558444977,-0.2753278911113739,-0.1575528085231781,0.06637421995401382,0.24558131396770477,0.25932684540748596,0.09834969788789749,-0.1288910210132599,-0.2692908048629761,-0.22825466096401215,-0.033430859446525574,0.18391713500022888,0.2773500978946686,0.18391713500022888,-0.033430859446525574,-0.22825466096401215,-0.2692908048629761,-0.1288910210132599,0.09834969788789749,0.25932684540748596,0.24558131396770477,0.06637421995401382,-0.1575528085231781,-0.2753278911113739,-0.20759953558444977],[-0.22825466096401215,-0.25932684540748596,-0.06637421995401382,0.18391713500022888,0.2753278911113739,0.1288910210132599,-0.1288910210132599,-0.2753278911113739,-0.18391713500022888,0.06637421995401382,0.25932684540748596,0.22825466096401215,4.337912797388764e-15,-0.22825466096401215,-0.25932684540748596,-0.06637421995401382,0.18391713500022888,0.2753278911113739,0.1288910210132599,-0.1288910210132599,-0.2753278911113739,-0.18391713500022888,0.06637421995401382,0.25932684540748596,0.22825466096401215],[-0.24558131396770477,-0.22825466096401215,0.033430859446525574,0.25932684540748596,0.20759953558444977,-0.06637421995401382,-0.2692908048629761,-0.18391713500022888,0.09834969788789749,0.2753278911113739,0.1575528085231781,-0.1288910210132599,-0.2773500978946686,-0.1288910210132599,0.1575528085231781,0.2753278911113739,0.09834969788789749,-0.18391713500022888,-0.2692908048629761,-0.06637421995401382,0.20759953558444977,0.25932684540748596,0.033430859446525574,-0.22825466096401215,-0.24558131396770477],[-0.25932684540748596,-0.18391713500022888,0.1288910210132599,0.2753278911113739,0.06637421995401382,-0.22825466096401215,-0.22825466096401215,0.06637421995401382,0.2753278911113739,0.1288910210132599,-0.18391713500022888,-0.25932684540748596,-2.6265288907570752e-15,0.25932684540748596,0.18391713500022888,-0.1288910210132599,-0.2753278911113739,-0.06637421995401382,0.22825466096401215,0.22825466096401215,-0.06637421995401382,-0.2753278911113739,-0.1288910210132599,0.18391713500022888,0.25932684540748596],[0.2692908048629761,0.1288910210132599,-0.20759953558444977,-0.22825466096401215,0.09834969788789749,0.2753278911113739,0.033430859446525574,-0.25932684540748596,-0.1575528085231781,0.18391713500022888,0.24558131396770477,-0.06637421995401382,-0.2773500978946686,-0.06637421995401382,0.24558131396770477,0.18391713500022888,-0.1575528085231781,-0.25932684540748596,0.033430859446525574,0.2753278911113739,0.09834969788789749,-0.22825466096401215,-0.20759953558444977,0.1288910210132599,0.2692908048629761],[0.2753278911113739,0.06637421995401382,-0.25932684540748596,-0.1288910210132599,0.22825466096401215,0.18391713500022888,-0.18391713500022888,-0.22825466096401215,0.1288910210132599,0.25932684540748596,-0.06637421995401382,-0.2753278911113739,-2.224606886845463e-15,0.2753278911113739,0.06637421995401382,-0.25932684540748596,-0.1288910210132599,0.22825466096401215,0.18391713500022888,-0.18391713500022888,-0.22825466096401215,0.1288910210132599,0.25932684540748596,-0.06637421995401382,-0.2753278911113739],[0.2773500978946686,1.2625047254649028e-16,-0.2773500978946686,-6.312523627324514e-16,0.2773500978946686,8.83753307825432e-16,-0.2773500978946686,-8.83753307825432e-16,0.2773500978946686,1.5781309068311285e-15,-0.2773500978946686,-4.734392720493385e-16,0.2773500978946686,2.0200075607438445e-15,-0.2773500978946686,-1.7990691808479273e-15,0.2773500978946686,1.6728188141805554e-15,-0.2773500978946686,-1.4518804342846382e-15,0.2773500978946686,-3.4718879950284827e-16,-0.2773500978946686,1.2625047254649028e-15,0.2773500978946686],[-0.2753278911113739,0.06637421995401382,0.25932684540748596,-0.1288910210132599,-0.22825466096401215,0.18391713500022888,0.18391713500022888,-0.22825466096401215,-0.1288910210132599,0.25932684540748596,0.06637421995401382,-0.2753278911113739,-1.0026396759284933e-15,0.2753278911113739,-0.06637421995401382,-0.25932684540748596,0.1288910210132599,0.22825466096401215,-0.18391713500022888,-0.18391713500022888,0.22825466096401215,0.1288910210132599,-0.25932684540748596,-0.06637421995401382,0.2753278911113739],[0.2692908048629761,-0.1288910210132599,-0.20759953558444977,0.22825466096401215,0.09834969788789749,-0.2753278911113739,0.033430859446525574,0.25932684540748596,-0.1575528085231781,-0.18391713500022888,0.24558131396770477,0.06637421995401382,-0.2773500978946686,0.06637421995401382,0.24558131396770477,-0.18391713500022888,-0.1575528085231781,0.25932684540748596,0.033430859446525574,-0.2753278911113739,0.09834969788789749,0.22825466096401215,-0.20759953558444977,-0.1288910210132599,0.2692908048629761],[-0.25932684540748596,0.18391713500022888,0.1288910210132599,-0.2753278911113739,0.06637421995401382,0.22825466096401215,-0.22825466096401215,-0.06637421995401382,0.2753278911113739,-0.1288910210132599,-0.18391713500022888,0.25932684540748596,1.770693656524247e-16,-0.25932684540748596,0.18391713500022888,0.1288910210132599,-0.2753278911113739,0.06637421995401382,0.22825466096401215,-0.22825466096401215,-0.06637421995401382,0.2753278911113739,-0.1288910210132599,-0.18391713500022888,0.25932684540748596],[0.24558131396770477,-0.22825466096401215,-0.033430859446525574,0.25932684540748596,-0.20759953558444977,-0.06637421995401382,0.2692908048629761,-0.18391713500022888,-0.09834969788789749,0.2753278911113739,-0.1575528085231781,-0.1288910210132599,0.2773500978946686,-0.1288910210132599,-0.1575528085231781,0.2753278911113739,-0.09834969788789749,-0.18391713500022888,0.2692908048629761,-0.06637421995401382,-0.20759953558444977,0.25932684540748596,-0.033430859446525574,-0.22825466096401215,0.24558131396770477],[0.22825466096401215,-0.25932684540748596,0.06637421995401382,0.18391713500022888,-0.2753278911113739,0.1288910210132599,0.1288910210132599,-0.2753278911113739,0.18391713500022888,0.06637421995401382,-0.25932684540748596,0.22825466096401215,9.870699398085384e-16,-0.22825466096401215,0.25932684540748596,-0.06637421995401382,-0.18391713500022888,0.2753278911113739,-0.1288910210132599,-0.1288910210132599,0.2753278911113739,-0.18391713500022888,-0.06637421995401382,0.25932684540748596,-0.22825466096401215],[-0.20759953558444977,0.2753278911113739,-0.1575528085231781,-0.06637421995401382,0.24558131396770477,-0.25932684540748596,0.09834969788789749,0.1288910210132599,-0.2692908048629761,0.22825466096401215,-0.033430859446525574,-0.18391713500022888,0.2773500978946686,-0.18391713500022888,-0.033430859446525574,0.22825466096401215,-0.2692908048629761,0.1288910210132599,0.09834969788789749,-0.25932684540748596,0.24558131396770477,-0.06637421995401382,-0.1575528085231781,0.2753278911113739,-0.20759953558444977],[-0.18391713500022888,0.2753278911113739,-0.22825466096401215,0.06637421995401382,0.1288910210132599,-0.25932684540748596,0.25932684540748596,-0.1288910210132599,-0.06637421995401382,0.22825466096401215,-0.2753278911113739,0.18391713500022888,8.371955066048889e-16,-0.18391713500022888,0.2753278911113739,-0.22825466096401215,0.06637421995401382,0.1288910210132599,-0.25932684540748596,0.25932684540748596,-0.1288910210132599,-0.06637421995401382,0.22825466096401215,-0.2753278911113739,0.18391713500022888],[-0.1575528085231781,0.25932684540748596,-0.2692908048629761,0.18391713500022888,-0.033430859446525574,-0.1288910210132599,0.24558131396770477,-0.2753278911113739,0.20759953558444977,-0.06637421995401382,-0.09834969788789749,0.22825466096401215,-0.2773500978946686,0.22825466096401215,-0.09834969788789749,-0.06637421995401382,0.20759953558444977,-0.2753278911113739,0.24558131396770477,-0.1288910210132599,-0.033430859446525574,0.18391713500022888,-0.2692908048629761,0.25932684540748596,-0.1575528085231781],[-0.1288910210132599,0.22825466096401215,-0.2753278911113739,0.25932684540748596,-0.18391713500022888,0.06637421995401382,0.06637421995401382,-0.18391713500022888,0.25932684540748596,-0.2753278911113739,0.22825466096401215,-0.1288910210132599,-3.0802549003271684e-16,0.1288910210132599,-0.22825466096401215,0.2753278911113739,-0.25932684540748596,0.18391713500022888,-0.06637421995401382,-0.06637421995401382,0.18391713500022888,-0.25932684540748596,0.2753278911113739,-0.22825466096401215,0.1288910210132599],[-0.09834969788789749,0.18391713500022888,-0.24558131396770477,0.2753278911113739,-0.2692908048629761,0.22825466096401215,-0.1575528085231781,0.06637421995401382,0.033430859446525574,-0.1288910210132599,0.20759953558444977,-0.25932684540748596,0.2773500978946686,-0.25932684540748596,0.20759953558444977,-0.1288910210132599,0.033430859446525574,0.06637421995401382,-0.1575528085231781,0.22825466096401215,-0.2692908048629761,0.2753278911113739,-0.24558131396770477,0.18391713500022888,-0.09834969788789749],[-0.06637421995401382,0.1288910210132599,-0.18391713500022888,0.22825466096401215,-0.25932684540748596,0.2753278911113739,-0.2753278911113739,0.25932684540748596,-0.22825466096401215,0.18391713500022888,-0.1288910210132599,0.06637421995401382,6.798085926082532e-17,-0.06637421995401382,0.1288910210132599,-0.18391713500022888,0.22825466096401215,-0.25932684540748596,0.2753278911113739,-0.2753278911113739,0.25932684540748596,-0.22825466096401215,0.18391713500022888,-0.1288910210132599,0.06637421995401382],[0.033430859446525574,-0.06637421995401382,0.09834969788789749,-0.1288910210132599,0.1575528085231781,-0.18391713500022888,0.20759953558444977,-0.22825466096401215,0.24558131396770477,-0.25932684540748596,0.2692908048629761,-0.2753278911113739,0.2773500978946686,-0.2753278911113739,0.2692908048629761,-0.25932684540748596,0.24558131396770477,-0.22825466096401215,0.20759953558444977,-0.18391713500022888,0.1575528085231781,-0.1288910210132599,0.09834969788789749,-0.06637421995401382,0.033430859446525574]]

  RLambda = [4.6419172286987305,15.514562606811523,33.45938491821289,58.21471405029297,89.4195556640625,126.61888122558594,169.27023315429688,216.7516632080078,268.37078857421875,323.3748474121094,380.9618225097656,440.29193115234375,500.5,560.7080688476562,620.0381469726562,677.6251220703125,732.6292114257812,784.2483520507812,831.7297973632812,874.381103515625,911.5804443359375,942.7852783203125,967.5405883789062,985.4854125976562,996.3580932617188]

  var alpha = 0.003
  var beta = 0.8
  var b = zeros(25); b[0] =  249.75
  var iter = geniterMomentum(RQ, RLambda, b, alpha, beta).iter
  var res = function(i) { return iter(i)[0] }

  var sampleSVG = d3.select("#iterates")
    .style("display", "block")
      .append("svg")
      .attr("width", 770)
      .attr("height", 700)

  var rosen = d3.scaleLinear().domain([0,0.2,0.5,1.4,5]).range(colorbrewer.RdPu[5]);
  var jet = d3.scaleLinear().domain([-0.5,0,0.2,0.5,1.0,5]).range(colorbrewer.Spectral[6]);
  var contrast = d3.scaleLinear().domain([-12,0,12]).range(colorbrewer.RdBu[3]);

  var xstar = iter(10000000)
  var numIters = 60

  var pathstr = "M 8,0"

  for (var j = 0; j < 27; j++) {
    if (j != 26 && j > 0) {
      pathstr = pathstr + "L " + j*8 + "," + (j-1)*8 +  "L " + j*8 + "," + j*8
    }
    if (j == 0) {
      //pathstr = pathstr + "L " + j*8 + "," + j*8      
    }
    if (j == 26) {
      pathstr = pathstr + "L " + j*8 + "," + (j-1)*8       
    }
  }
  pathstr = pathstr + "L "+ 26*8 + ",0 L 8,0 "


  var Disps3 = []
  var errorPlot = sampleSVG.append("g").attr("transform", "translate(" + 440 + ",0)")
  for (var j = 0; j < numIters; j++) {
    var disp = errorPlot.append("g")

    var denter = disp.selectAll("rect")
        .data(iter(j)[1])
        .enter()

    denter.append("rect")
        .style("fill", function(d,i) { return rosen(d) })
        .attr("height", 7)
        .attr("width", 7.7)
        .attr("x", function(d, i){return i*8+ 10})
        .attr("y", function(d, i){return j*8 })
    Disps3.push(disp)
  }

  errorPlot.append("g").append("path").attr("d", pathstr).style("stroke","black").style("fill","none").style("stroke-width","1.5px").attr("transform", "translate(2,0.5)")

  var Disps4 = []
  var errorPlot = sampleSVG.append("g").attr("transform", "translate(" + 220 + ",0)")
  for (var j = 0; j < numIters; j++) {
    var disp = errorPlot.append("g")

    var denter = disp.selectAll("rect")
        .data(iter(j)[1])
        .enter()

    denter.append("rect")
        .style("fill", function(d,i) { return jet(d) })
        .attr("height", 7)
        .attr("width", 7.7)
        .attr("x", function(d, i){return i*8+ 10})
        .attr("y", function(d, i){return j*8 })

    if ((j % 10 == 0) || j == 0) {
    disp.append("text")
        .attr("class", "figtext")
        .attr("text-anchor", "end")
        .attr("x", 0)
        .attr("y", function(d, i){return (j*8 + 10) })
        .html( (j == 0) ? "Iteration 0" : "" + j)
    }

    Disps4.push(disp)
  }

  errorPlot.append("g").append("path").attr("d", pathstr).style("stroke","black").style("fill","none").style("stroke-width","1.5px").attr("transform", "translate(2,0.5)")


  function update(alpha, beta) {
    var iter = geniterMomentum(RQ, RLambda, b, Math.max(alpha, 0.00001), Math.min(Math.max(beta, 0.00001), 0.999)).iter
    for (var j = 0; j < numIters; j++) {
      var iterj = iter(j)
      Disps3[j].selectAll("rect").data(iterj[1]).merge(Disps3[j]).style("fill", function(d,i) { return rosen(Math.abs(d - xstar[1][i]) ) })
      Disps4[j].selectAll("rect").data(iterj[1]).merge(Disps4[j]).style("fill", function(d,i) { return jet(d) })

    }
  }

  var slidera = slider2D(d3.select("#sliderz"), function(x,y) { update(x/RLambda[RLambda.length - 1],y) }, 4.6, 996.35)

  update(0.0035,0.95)

  colorMap( d3.select("#rosen_colorbar1"),
            195,
            rosen,
            d3.scaleLinear().domain([0,1]).range([0, 195]) )

  colorMap( d3.select("#rosen_colorbar2"),
            195,
            jet,
            d3.scaleLinear().domain([0.0,1]).range([0, 195]) );


  callback(null);
  });
  renderQueue[0](function() {});

  </script>
  <p>
  Hold down the left mouse button and drag in the Comp window to create a paragraph text block. The edge—the text’s bounding box— is defined by how far you dragged the mouse when you created the paragraph text layer. This style of text wraps text to the next line when your type reaches the edge of the current line.
  </p>
  </dt-article>
</body>
